8.877 5.72	96.1693
7.039	0.18698 45.7082 1.97
933.4
0.13	12.06162	6.65
323.46769 0.0969
206.93	1.0 11.5	2.583	3.8	8.4091
2.557
4.0	166.0 9.0	6.24
3.9945	7.0
98.92	0.40936
319.806
603.0	69.15
73.0
3.262
0.3	0.12	30.72536
1.0
210.9103 52.4
0.2891 0.85	608.0
52.0
0.0 0.4281
142.0	3.952
85.62677	490.0
79.2 0.547	0.209 0.9 443.1519 0.75298	0.694 842.17468 8.73264 80.426	1.8 847.6 90.0	930.38	26.5066	32.34
6.4	9.0 9.0
8.1907	52.40678
0.0903 9.59061
7.24 344.06792 16.83
149.43196	0.464 197.461 1.49	8.3 63.462	74.8548 35.03016 7.6606 1.0
0.91282
7.0
0.946 121.921 766.43	184.0	76.0	1.9 87.02	4.084 891.0
67.1 4.0 0.0 322.57082

