0.54953
8.63	0.3383	566.0
3.46
373.16 843.2628 0.091
82.825 841.22162
0.25377	4.0 45.074
28.3089	3.65629 761.23234 5.8436
0.5915 0.0 66.9	51.427
0.2208 5.3 1.7	19.10986	3.099 69.09
434.5187	81.0	0.68945
8.331	20.78508
7.0
5.5
0.0	804.49	8.73 940.49831
0.7
0.04	114.31056 926.54	322.44918
86.0
0.248 2.75857 0.91235	0.01574
20.08	0.706
80.82825	11.8026
6.6026 29.0	163.53345
0.45	996.0	707.0 31.0
459.79
2.094
0.5765	0.1916
450.432 11.8	75.646	43.7	9.1195	0.0	24.225	0.483	5.79817
5.656 34.569
0.1
0.0	7.64456 975.8	406.26657 0.031 0.9 20.0
624.0
0.278 95.036	4.949 3.8	4.61	2.9012	1.0 626.0	76.185
0.6915	675.212
0.08202 23.0
2.2
0.26 9.103
4.7164	72.5	794.01064 0.049 0.015	0.07936 2.13728	94.9192 787.2
45.06
0.7 0.43996 1.0
0.06535
44.5
90.0	590.51151	3.1 1.1406	96.1
7.0 0.59583
30.0
372.361	96.1704	0.8	55.5	0.01336 0.3	8.0	1.0
0.0 30.9105 981.02312	1.0
0.499 0.99803
399.0	786.935	8.7	3.5551
10.3916	7.6 3.79178	9.6	0.67 0.755
8.0 1.0	200.80644
8.0 0.4372
673.0 71.0	952.4045 0.88 10.0	4.41	4.9	0.19881	0.5	53.7199 0.6824
46.0 6.05
4.2
0.0	7.2	4.69479
51.488 76.9	3.03 50.2 1.8316 0.838
6.222 1.0	109.29329	89.32628
834.7 9.09 848.04
0.618	3.6697
0.91
0.1282	37.054	4.9172	0.2 0.109	272.0913	4.171 53.624	0.6	450.708
5.9
75.6
437.805
18.6025	0.0	79.8 78.6
0.71	122.5	83.68	0.7373 0.537	98.643
7.856 656.355 0.267 5.0	25.16727
75.0225 4.0
9.92547
5.3
4.8141	9.41228	1.0	11.6885 545.5
991.8653	0.0 1.0 0.96015 1.0	28.64 7.0
0.0 1.0 439.2065
0.4
98.511 3.2 0.2 0.8	638.0	24.84 3.94022 9.0
150.9
0.8737	3.5	797.0
0.40118	40.4631	3.0
13.25147
0.186
744.957 5.8175 57.2 919.0 55.8	0.0
488.22767
2.0
5.9
0.4339	29.3022
6.0 25.9474
38.19561
14.5	30.02
33.9
0.1	82.0287
397.99973	0.512	81.0 988.0
859.97 93.4	86.1	43.2621	0.30964	6.3827
84.0 9.0 33.7
77.31	326.8535	6.2
9.1297 396.071
24.5	0.7675 0.66921
91.551 0.2	35.77	0.61 0.4671	0.9897	0.97	0.323	0.0 603.21658	0.696 349.2
269.469	0.53
67.089
54.48741 1.0	897.491 721.7225	0.667 0.37
700.9245 0.35	11.6959 0.42379
0.72566 0.0	953.72455	941.45
0.69 9.57
19.015 5.094	5.1	0.9 950.0	0.2027	73.0	0.3342 82.098 0.76
1.0
0.3946
6.1	1.0 25.617	1.821	1.0 0.5658
0.0	7.0 1.0	9.092
3.0	0.3
18.0
0.5	8.158	0.4351	779.6164	337.053 5.02377
179.7
138.904 5.16841 102.526
3.0	0.2	0.58	0.5	2.54435
673.0	2.9	0.823
12.16	56.64
801.57146
1.0 821.9387
0.42 0.4257 0.4283 76.608
8.19	0.264	145.76178	206.0 906.964	229.61 87.70087 2.201 11.81 5.466
4.40001 0.14155 0.112	0.21
7.69	0.2634 48.60043 1.0 115.3667	0.74
3.0749	13.087	3.2 1.5	0.16 36.0	2.4018 630.0 96.63271 4.8108 37.1479	49.40191	2.28 173.8531	83.074
4.937	58.6 0.5 471.6
42.90024 660.7 70.95	21.0 9.357
48.71 6.45212 302.88 4.1368	0.4
332.3
98.0 2.66949	4.27	10.31597	9.94 198.278
56.0 6.6 59.8075	0.8 683.0 3.63	74.38009 0.4736
0.7
11.57
45.0 66.0 774.6
3.518 4.9 1.0	6.0 2.35
0.0
1.1292 7.4
5.7095	0.80928 36.5521	6.46	0.626 1.0 2.4348	0.2888 825.3668 0.1245 42.646
939.33208 5.912
2.14	1.0 0.13 2.643
0.12
63.775	8.0	25.9	997.1 588.0747
6.04	0.73834 741.979	667.0
612.5511
4.30262 6.96651	0.8
96.91322	3.363 11.02962 621.24277 5.69	0.406 0.9094	0.0
0.348	839.0	0.7982 735.38	31.0
9.9284
523.0	0.404
76.92 9.9 902.9
1.0	0.0	77.5	37.238	12.2512 0.3913
0.0 3.547
45.71	0.01474	0.60895
796.95	1.0	361.8
3.486
680.181
0.37719 0.3
59.27	57.7 20.1304	51.5	14.5246	0.6423
99.685 982.0	961.0
0.813
4.21946
754.86323	6.83361	0.1	72.9	442.28306 8.277	13.534 0.56139
571.39622 0.267	890.35733 0.286 0.115	4.6
717.3953
7.39 26.2 1.356	0.6	248.0433 7.0
3.0 80.41556	9.0 0.0
7.16728
0.6109	53.016
5.85604 8.6
83.66602	6.3	379.81347	2.0
722.505
53.0 0.12 5.8522	412.86911	0.678	0.35
28.7 4.0
54.2383	2.4149	41.696
0.0	339.7	195.0	0.64	5.944	328.5	0.2328	4.62913	0.86	4.73 0.43407	592.8904
0.49
0.5424 0.083 1.0	92.5 3.249
8.0 88.2	0.8797
708.4032
4.14 3.42
8.1267 8.0	666.2	0.08
28.4	35.94 3.41	95.2481
5.86587
1.62566	0.6	0.0	789.2
0.61	84.93 0.426
77.0	993.3	0.618 98.8593	79.04
69.0	5.0 28.0504 410.64064	0.22	1.0
64.4427	7.7	8.6	0.167	56.1 3.697 0.1048 0.0 9.28728	31.0
0.2777
7.0
47.9152 0.097
74.116	357.0
0.0282
377.4201
0.252	773.0
0.05
95.78 864.6485	0.1 3.0	65.5	81.311 47.873	0.9
0.4
56.7	513.04 40.12	0.0
0.98 2.3 1.0
0.14862 0.33 3.6226
3.1929	9.69546	35.09
6.0 177.6233 2.178	0.279
4.13 83.98241
607.0	1.658
71.13759	0.78	80.5	97.87765
441.11663	0.92	557.0
92.832
0.98 336.65828	291.7275	3.454
3.55	153.9
20.0
964.2 98.301
7.01
275.0	0.0 0.02339 7.143
0.615	185.37 0.9466	6.52633	8.0 8.812 8.527
5.29492
6.47	539.0 894.36603
634.0 7.26305
0.05
22.0 899.887	643.0
8.26 0.3	303.011 58.127 976.032 95.0	831.0
0.67987
0.10011
7.28067 6.2 8.68	6.854 49.03395	0.0 8.2751 944.8045	56.0046
0.17658 3.116 3.5054	997.6129 3.41	11.5116	7.39
34.04	4.7 307.71 57.385 40.66175 44.73598	56.21	776.82
8.2
80.6
0.60149 272.2806
65.605
9.28562
37.084	11.6	87.7649
14.01318	56.5049
0.45
0.0
43.0
0.4 946.0 99.02
49.27366 0.2 44.13898
28.8459
92.6024 98.44915 146.0
0.0	16.75
9.62
0.0
601.26403
3.23
6.15119 869.86	7.057 857.3 0.1374
513.3333
6.47	0.43 3.13	0.8429	775.207
0.2	3.95821
695.43828 58.2546	596.567 30.16	3.165	9.2
0.7
2.29355	38.50478
52.21
8.5
68.3	0.1	17.85
71.0 0.21928
0.0807 62.09299
85.50728	1.0
41.0	1.9 5.0
0.0	9.2668 0.27279
21.931 65.8
94.0 5.333 63.5166 536.07 311.14497
74.0 542.85	6.811	2.0 0.42	0.42
8.80634 956.98874	79.58	5.0	28.3361 0.71836	62.6403	706.91
0.0868
0.1973
72.04	0.41645	5.2	38.5	1.39132 1.0	0.2 0.1542 0.83938 0.8 66.3405 0.301
882.25665	1.0 8.0	830.877 3.97
24.0	74.5 8.618 8.11814 0.36	7.57	32.8
87.0261	802.6	0.2	405.334
67.195
695.0	629.749	0.226
0.6 0.1183	0.57889
54.098
2.0 894.1 0.931
3.5794
9.95	99.68511
49.5 2.076	0.23542
3.73 677.8
8.49	0.0	693.243
244.2642	0.83 599.0
0.0 1.0 12.4
1.0 4.0	6.0 8.1	0.078	8.0 43.0	29.315
24.7
8.0 5.53
748.3433
0.14822 0.6 785.3066	3.45	424.686 571.80112
1.0
0.689
32.9	987.4412	70.36	0.56325 1.0
631.1617
2.1961
0.401	235.3	594.47
22.8 778.586 5.6	8.75899 0.16 663.5	0.3	5.498
596.26
713.20058 26.7949
6.336 0.44429	645.03619 6.895
76.5 80.2 0.0	0.77462	95.85	0.8706	0.1837 8.164 0.54946
408.565	3.92696
71.8	2.82
422.59105
59.91 4.0 73.51	51.47	0.518
679.8689	397.8942 94.075	4.2
3.52
7.0 0.4	7.0 104.5463 915.527 0.96	6.8041
0.6
94.44 610.002 732.0
0.6618	1.0 9.85 0.0	9.69	40.0
44.88565
238.023
58.8
6.6575
27.5	26.57707
84.0 315.0	0.96215 2.5	4.41407
8.86143	120.983
1.0
0.1242
0.7 82.0
8.84	
